-----------------BURMA--------------
0 0.00
1 0.00
2 0.00
3 0.00
4 0.00
5 0.00
6 0.00
7 0.00
8 0.00
9 0.00
-----------------USA_ROAD--------------
0 0.00
1 0.00
2 0.00
3 0.00
4 0.00
5 0.00
6 0.00
7 0.00
8 0.00
9 0.00
-----------------PLA--------------
0 0.00000000000000000000
1 0.00000000000000000000
2 0.00000000000000000000
3 0.00000000000000000000
4 0.00000000000000000000
5 0.00000000000000000000
6 0.00000000000000000000
7 0.00000000000000000000
8 0.00000000000000000000
9 0.00000000000000000000
